,Date,Pays,T_Cas,T_Décès,T_Guérisons,% Décès,% Guérison,% Malade,Cas/jrs,Décès/jrs,Guéris/jrs
0,2020-06-21,Chine,84556,4639,79534,5.49,94.06,0.45,1176,5,1122
1,2020-06-20,Chine,83380,4634,78412,5.56,94.04,0.4,55,0,14
2,2020-06-19,Chine,83325,4634,78398,5.56,94.09,0.35,0,0,0
3,2020-06-18,Chine,83325,4634,78398,5.56,94.09,0.35,32,0,4
4,2020-06-17,Chine,83293,4634,78394,5.56,94.12,0.32,28,0,15
5,2020-06-16,Chine,83265,4634,78379,5.57,94.13,0.3,44,0,2
6,2020-06-15,Chine,83221,4634,78377,5.57,94.18,0.25,40,0,7
7,2020-06-14,Chine,83181,4634,78370,5.57,94.22,0.21,49,0,1
8,2020-06-13,Chine,83132,4634,78369,5.57,94.27,0.16,57,0,2
9,2020-06-12,Chine,83075,4634,78367,5.58,94.33,0.09,11,0,3
10,2020-06-11,Chine,83064,4634,78364,5.58,94.34,0.08,7,0,4
11,2020-06-10,Chine,83057,4634,78360,5.58,94.34,0.08,11,0,4
12,2020-06-09,Chine,83046,4634,78356,5.58,94.35,0.07,3,0,6
13,2020-06-08,Chine,83043,4634,78350,5.58,94.35,0.07,3,0,10
14,2020-06-07,Chine,83040,4634,78340,5.58,94.34,0.08,4,0,9
15,2020-06-06,Chine,83036,4634,78331,5.58,94.33,0.09,6,0,1
16,2020-06-05,Chine,83030,4634,78330,5.58,94.34,0.08,3,0,2
17,2020-06-04,Chine,83027,4634,78328,5.58,94.34,0.08,5,0,8
18,2020-06-03,Chine,83022,4634,78320,5.58,94.34,0.08,1,0,3
19,2020-06-02,Chine,83023,4634,78317,5.58,94.33,0.09,1,0,1
20,2020-06-01,Chine,83022,4634,78316,5.58,94.33,0.09,5,0,9
21,2020-05-31,Chine,83017,4634,78307,5.58,94.33,0.09,16,0,2
22,2020-05-30,Chine,83001,4634,78305,5.58,94.34,0.07,2,0,3
23,2020-05-29,Chine,82999,4634,78302,5.58,94.34,0.08,4,0,11
24,2020-05-28,Chine,82995,4634,78291,5.58,94.33,0.08,0,0,3
25,2020-05-27,Chine,82995,4634,78288,5.58,94.33,0.09,2,0,8
26,2020-05-26,Chine,82993,4634,78280,5.58,94.32,0.1,1,0,3
27,2020-05-25,Chine,82992,4634,78277,5.58,94.32,0.1,7,0,9
28,2020-05-24,Chine,82985,4634,78268,5.58,94.32,0.1,11,0,7
29,2020-05-23,Chine,82974,4634,78261,5.58,94.32,0.1,3,0,3
30,2020-05-22,Chine,82971,4634,78258,5.59,94.32,0.1,8,0,17
31,2020-05-21,Chine,82963,4634,78241,5.59,94.31,0.11,0,0,0
32,2020-05-20,Chine,82963,4634,78241,5.59,94.31,0.11,0,0,0
33,2020-05-19,Chine,82963,4634,78241,5.59,94.31,0.11,0,0,0
34,2020-05-18,Chine,82963,4634,78241,5.59,94.31,0.11,9,0,3
35,2020-05-17,Chine,82954,4634,78238,5.59,94.31,0.1,7,0,11
36,2020-05-16,Chine,82947,4634,78227,5.59,94.31,0.1,6,1,8
37,2020-05-15,Chine,82941,4633,78219,5.59,94.31,0.11,8,0,10
38,2020-05-14,Chine,82933,4633,78209,5.59,94.3,0.11,4,0,14
39,2020-05-13,Chine,82929,4633,78195,5.59,94.29,0.12,3,0,6
40,2020-05-12,Chine,82926,4633,78189,5.59,94.29,0.13,7,0,18
41,2020-05-11,Chine,82919,4633,78171,5.59,94.27,0.14,1,0,27
42,2020-05-10,Chine,82918,4633,78144,5.59,94.24,0.17,17,0,24
43,2020-05-09,Chine,82901,4633,78120,5.59,94.23,0.18,14,0,127
44,2020-05-08,Chine,82887,4633,77993,5.59,94.1,0.31,1,0,0
45,2020-05-07,Chine,82886,4633,77993,5.59,94.1,0.31,1,0,36
46,2020-05-06,Chine,82885,4633,77957,5.59,94.05,0.36,2,0,46
47,2020-05-05,Chine,82883,4633,77911,5.59,94.0,0.41,2,0,58
48,2020-05-04,Chine,82881,4633,77853,5.59,93.93,0.48,1,0,87
49,2020-05-03,Chine,82880,4633,77766,5.59,93.83,0.58,5,0,81
50,2020-05-02,Chine,82875,4633,77685,5.59,93.74,0.67,0,0,6
51,2020-05-01,Chine,82875,4633,77679,5.59,93.73,0.68,1,0,37
52,2020-04-30,Chine,82874,4633,77642,5.59,93.69,0.72,12,0,32
53,2020-04-29,Chine,82862,4633,77610,5.59,93.66,0.75,4,0,32
54,2020-04-28,Chine,82858,4633,77578,5.59,93.63,0.78,22,0,23
55,2020-04-27,Chine,82836,4633,77555,5.59,93.62,0.78,6,0,81
56,2020-04-26,Chine,82830,4633,77474,5.59,93.53,0.87,3,1,80
57,2020-04-25,Chine,82827,4632,77394,5.59,93.44,0.97,8,0,37
58,2020-04-24,Chine,82819,4632,77357,5.59,93.4,1.0,15,0,100
59,2020-04-23,Chine,82804,4632,77257,5.59,93.3,1.11,14,0,100
60,2020-04-22,Chine,82790,4632,77157,5.59,93.2,1.21,11,0,32
61,2020-04-21,Chine,82779,4632,77125,5.6,93.17,1.23,32,0,32
62,2020-04-20,Chine,82747,4632,77093,5.6,93.17,1.24,12,0,25
63,2020-04-19,Chine,82735,4632,77068,5.6,93.15,1.25,17,0,39
64,2020-04-18,Chine,82718,4632,77029,5.6,93.12,1.28,24,0,26
65,2020-04-17,Chine,82694,4632,77003,5.6,93.12,1.28,353,1290,897
66,2020-04-16,Chine,82341,3342,77900,4.06,94.61,1.33,47,0,64
67,2020-04-15,Chine,82294,3342,77836,4.06,94.58,1.36,45,1,83
68,2020-04-14,Chine,82249,3341,77753,4.06,94.53,1.4,90,0,87
69,2020-04-13,Chine,82159,3341,77666,4.07,94.53,1.4,74,2,83
70,2020-04-12,Chine,82085,3339,77583,4.07,94.52,1.42,116,0,52
71,2020-04-11,Chine,81969,3339,77531,4.07,94.59,1.34,62,3,59
72,2020-04-10,Chine,81907,3336,77472,4.07,94.59,1.34,42,1,96
73,2020-04-09,Chine,81865,3335,77376,4.07,94.52,1.41,61,2,83
74,2020-04-08,Chine,81804,3333,77293,4.07,94.49,1.44,65,2,109
75,2020-04-07,Chine,81739,3331,77184,4.08,94.43,1.5,32,0,100
76,2020-04-06,Chine,81707,3331,77084,4.08,94.34,1.58,39,2,93
77,2020-04-05,Chine,81668,3329,76991,4.08,94.27,1.65,30,3,228
78,2020-04-04,Chine,81638,3326,76763,4.07,94.03,1.9,15,4,186
79,2020-04-03,Chine,81623,3322,76577,4.07,93.82,2.11,34,4,169
80,2020-04-02,Chine,81589,3318,76408,4.07,93.65,2.28,34,6,166
81,2020-04-01,Chine,81555,3312,76242,4.06,93.49,2.45,31,7,180
82,2020-03-31,Chine,81524,3305,76062,4.05,93.3,2.65,46,1,278
83,2020-03-30,Chine,81478,3304,75784,4.06,93.01,2.93,34,4,330
84,2020-03-29,Chine,81444,3300,75454,4.05,92.65,3.3,43,5,482
85,2020-03-28,Chine,81401,3295,74972,4.05,92.1,3.85,56,3,378
86,2020-03-27,Chine,81345,3292,74594,4.05,91.7,4.25,47,5,539
87,2020-03-26,Chine,81298,3287,74055,4.04,91.09,4.87,77,6,400
88,2020-03-25,Chine,81221,3281,73655,4.04,90.68,5.28,41,4,492
89,2020-03-24,Chine,81180,3277,73163,4.04,90.12,5.84,64,7,454
90,2020-03-23,Chine,81116,3270,72709,4.03,89.64,6.33,56,9,457
91,2020-03-22,Chine,81060,3261,72252,4.02,89.13,6.84,46,6,503
92,2020-03-21,Chine,81014,3255,71749,4.02,88.56,7.42,37,6,591
93,2020-03-20,Chine,80977,3249,71158,4.01,87.87,8.11,46,4,728
94,2020-03-19,Chine,80931,3245,70430,4.01,87.02,8.97,25,8,777
95,2020-03-18,Chine,80906,3237,69653,4.0,86.09,9.91,22,11,953
96,2020-03-17,Chine,80884,3226,68700,3.99,84.94,11.08,17,13,884
97,2020-03-16,Chine,80867,3213,67816,3.97,83.86,12.17,19,14,890
98,2020-03-15,Chine,80848,3199,66926,3.96,82.78,13.26,21,10,1354
99,2020-03-14,Chine,80827,3189,65572,3.95,81.13,14.93,26,13,1463
100,2020-03-13,Chine,80801,3176,64109,3.93,79.34,16.73,8,7,1285
101,2020-03-12,Chine,80793,3169,62824,3.92,77.76,18.32,8,11,1255
102,2020-03-11,Chine,80785,3158,61569,3.91,76.21,19.88,28,22,1463
103,2020-03-10,Chine,80757,3136,60106,3.88,74.43,21.69,22,16,1371
104,2020-03-09,Chine,80735,3120,58735,3.86,72.75,23.39,36,23,1415
105,2020-03-08,Chine,80699,3097,57320,3.84,71.03,25.13,47,27,1842
106,2020-03-07,Chine,80652,3070,55478,3.81,68.79,27.41,79,28,1590
107,2020-03-06,Chine,80573,3042,53888,3.78,66.88,29.34,151,29,1648
108,2020-03-05,Chine,80422,3013,52240,3.75,64.96,31.3,151,32,2285
109,2020-03-04,Chine,80271,2981,49955,3.71,62.23,34.05,120,36,2551
110,2020-03-03,Chine,80151,2945,47404,3.67,59.14,37.18,125,33,2594
111,2020-03-02,Chine,80026,2912,44810,3.64,55.99,40.37,200,42,2692
112,2020-03-01,Chine,79826,2870,42118,3.6,52.76,43.64,575,35,2839
113,2020-02-29,Chine,79251,2835,39279,3.58,49.56,46.86,427,47,2988
114,2020-02-28,Chine,78824,2788,36291,3.54,46.04,50.42,326,44,3393
115,2020-02-27,Chine,78498,2744,32898,3.5,41.91,54.6,433,29,2845
116,2020-02-26,Chine,78065,2715,30053,3.48,38.5,58.02,405,52,2403
117,2020-02-25,Chine,77660,2663,27650,3.43,35.6,60.97,508,70,2660
118,2020-02-24,Chine,77152,2593,24990,3.36,32.39,64.25,214,150,1820
119,2020-02-23,Chine,76938,2443,23170,3.18,30.12,66.71,16,2,483
120,2020-02-22,Chine,76922,2441,22687,3.17,29.49,67.33,1450,205,3994
121,2020-02-21,Chine,75472,2236,18693,2.96,24.77,72.27,473,0,691
122,2020-02-20,Chine,74999,2236,18002,2.98,24.0,73.02,453,122,2050
123,2020-02-19,Chine,74546,2114,15952,2.84,21.4,75.77,407,112,1753
124,2020-02-18,Chine,74139,2002,14199,2.7,19.15,78.15,1775,139,1744
125,2020-02-17,Chine,72364,1863,12455,2.57,17.21,80.21,1918,98,1707
126,2020-02-16,Chine,70446,1765,10748,2.51,15.26,82.24,2099,103,1454
127,2020-02-15,Chine,68347,1662,9294,2.43,13.6,83.97,2055,142,1321
128,2020-02-14,Chine,66292,1520,7973,2.29,12.03,85.68,6460,152,1760
129,2020-02-13,Chine,59832,1368,6213,2.29,10.38,87.33,15133,252,1134
130,2020-02-12,Chine,44699,1116,5079,2.5,11.36,86.14,372,5,444
131,2020-02-11,Chine,44327,1111,4635,2.51,10.46,87.04,2021,100,718
132,2020-02-10,Chine,42306,1011,3917,2.39,9.26,88.35,2516,107,699
133,2020-02-09,Chine,39790,904,3218,2.27,8.09,89.64,3012,100,623
134,2020-02-08,Chine,36778,804,2595,2.19,7.06,90.76,2703,87,597
135,2020-02-07,Chine,34075,717,1998,2.1,5.86,92.03,3522,85,522
136,2020-02-06,Chine,30553,632,1476,2.07,4.83,93.1,3144,70,361
137,2020-02-05,Chine,27409,562,1115,2.05,4.07,93.88,3729,72,272
138,2020-02-04,Chine,23680,490,843,2.07,3.56,94.37,3987,65,229
139,2020-02-03,Chine,19693,425,614,2.16,3.12,94.72,3086,64,151
140,2020-02-02,Chine,16607,361,463,2.17,2.79,95.04,4736,102,188
141,2020-02-01,Chine,11871,259,275,2.18,2.32,95.5,2088,46,61
142,2020-01-31,Chine,9783,213,214,2.18,2.19,95.64,1659,42,79
143,2020-01-30,Chine,8124,171,135,2.1,1.66,96.23,2054,38,15
144,2020-01-29,Chine,6070,133,120,2.19,1.98,95.83,576,2,19
145,2020-01-28,Chine,5494,131,101,2.38,1.84,95.78,2631,49,43
146,2020-01-27,Chine,2863,82,58,2.86,2.03,95.11,801,26,9
147,2020-01-26,Chine,2062,56,49,2.72,2.38,94.91,663,14,10
148,2020-01-25,Chine,1399,42,39,3.0,2.79,94.21,483,16,3
149,2020-01-24,Chine,916,26,36,2.84,3.93,93.23,277,8,6
150,2020-01-23,Chine,639,18,30,2.82,4.69,92.49,92,1,2
151,2020-01-22,Chine,547,17,28,3.11,5.12,91.77,547,17,28
