,Date,Pays,T_Cas,T_Décès,T_Guérisons,% Décès,% Guérison,% Malade,Cas/jrs,Décès/jrs,Guéris/jrs
0,2020-06-21,Italie,238499,34634,182893,14.52,76.69,8.79,224,24,440
1,2020-06-20,Italie,238275,34610,182453,14.53,76.57,8.9,264,49,546
2,2020-06-19,Italie,238011,34561,181907,14.52,76.43,9.05,148,47,1363
3,2020-06-18,Italie,238159,34514,180544,14.49,75.81,9.7,331,66,1089
4,2020-06-17,Italie,237828,34448,179455,14.48,75.46,10.06,328,43,929
5,2020-06-16,Italie,237500,34405,178526,14.49,75.17,10.34,210,34,1516
6,2020-06-15,Italie,237290,34371,177010,14.48,74.6,10.92,301,26,640
7,2020-06-14,Italie,236989,34345,176370,14.49,74.42,11.09,338,44,1505
8,2020-06-13,Italie,236651,34301,174865,14.49,73.89,11.61,346,78,1780
9,2020-06-12,Italie,236305,34223,173085,14.48,73.25,12.27,163,56,1747
10,2020-06-11,Italie,236142,34167,171338,14.47,72.56,12.97,379,53,1399
11,2020-06-10,Italie,235763,34114,169939,14.47,72.08,13.45,202,71,1293
12,2020-06-09,Italie,235561,34043,168646,14.45,71.59,13.95,283,79,2062
13,2020-06-08,Italie,235278,33964,166584,14.44,70.8,14.76,280,65,747
14,2020-06-07,Italie,234998,33899,165837,14.43,70.57,15.01,197,53,759
15,2020-06-06,Italie,234801,33846,165078,14.41,70.31,15.28,270,72,1297
16,2020-06-05,Italie,234531,33774,163781,14.4,69.83,15.77,518,85,1886
17,2020-06-04,Italie,234013,33689,161895,14.4,69.18,16.42,177,88,957
18,2020-06-03,Italie,233836,33601,160938,14.37,68.83,16.81,321,71,846
19,2020-06-02,Italie,233515,33530,160092,14.36,68.56,17.08,318,55,1737
20,2020-06-01,Italie,233197,33475,158355,14.35,67.91,17.74,200,60,848
21,2020-05-31,Italie,232997,33415,157507,14.34,67.6,18.06,333,75,1874
22,2020-05-30,Italie,232664,33340,155633,14.33,66.89,18.78,416,111,2789
23,2020-05-29,Italie,232248,33229,152844,14.31,65.81,19.88,516,87,2240
24,2020-05-28,Italie,231732,33142,150604,14.3,64.99,20.71,593,70,3503
25,2020-05-27,Italie,231139,33072,147101,14.31,63.64,22.05,584,117,2443
26,2020-05-26,Italie,230555,32955,144658,14.29,62.74,22.96,397,78,2677
27,2020-05-25,Italie,230158,32877,141981,14.28,61.69,24.03,300,92,1502
28,2020-05-24,Italie,229858,32785,140479,14.26,61.12,24.62,531,50,1639
29,2020-05-23,Italie,229327,32735,138840,14.27,60.54,25.18,669,119,2120
30,2020-05-22,Italie,228658,32616,136720,14.26,59.79,25.94,652,130,2160
31,2020-05-21,Italie,228006,32486,134560,14.25,59.02,26.74,642,156,2278
32,2020-05-20,Italie,227364,32330,132282,14.22,58.18,27.6,665,161,2881
33,2020-05-19,Italie,226699,32169,129401,14.19,57.08,28.73,813,162,2075
34,2020-05-18,Italie,225886,32007,127326,14.17,56.37,29.46,451,99,2150
35,2020-05-17,Italie,225435,31908,125176,14.15,55.53,30.32,675,145,2366
36,2020-05-16,Italie,224760,31763,122810,14.13,54.64,31.23,875,153,2605
37,2020-05-15,Italie,223885,31610,120205,14.12,53.69,32.19,789,242,4917
38,2020-05-14,Italie,223096,31368,115288,14.06,51.68,34.26,992,262,2747
39,2020-05-13,Italie,222104,31106,112541,14.01,50.67,35.32,888,195,3502
40,2020-05-12,Italie,221216,30911,109039,13.97,49.29,36.74,1402,172,2452
41,2020-05-11,Italie,219814,30739,106587,13.98,48.49,37.53,744,179,1401
42,2020-05-10,Italie,219070,30560,105186,13.95,48.01,38.04,802,165,2155
43,2020-05-09,Italie,218268,30395,103031,13.93,47.2,38.87,1083,194,4008
44,2020-05-08,Italie,217185,30201,99023,13.91,45.59,40.5,1327,243,2747
45,2020-05-07,Italie,215858,29958,96276,13.88,44.6,41.52,1401,274,3031
46,2020-05-06,Italie,214457,29684,93245,13.84,43.48,42.68,1444,369,8014
47,2020-05-05,Italie,213013,29315,85231,13.76,40.01,46.23,1075,236,2352
48,2020-05-04,Italie,211938,29079,82879,13.72,39.11,47.17,1221,195,1225
49,2020-05-03,Italie,210717,28884,81654,13.71,38.75,47.54,1389,174,1740
50,2020-05-02,Italie,209328,28710,79914,13.72,38.18,48.11,1900,474,1665
51,2020-05-01,Italie,207428,28236,78249,13.61,37.72,48.66,1965,269,2304
52,2020-04-30,Italie,205463,27967,75945,13.61,36.96,49.43,1872,285,4693
53,2020-04-29,Italie,203591,27682,71252,13.6,35.0,51.41,2086,323,2311
54,2020-04-28,Italie,201505,27359,68941,13.58,34.21,52.21,2091,382,2317
55,2020-04-27,Italie,199414,26977,66624,13.53,33.41,53.06,1739,333,1696
56,2020-04-26,Italie,197675,26644,64928,13.48,32.85,53.68,2324,260,1808
57,2020-04-25,Italie,195351,26384,63120,13.51,32.31,54.18,2357,415,2622
58,2020-04-24,Italie,192994,25969,60498,13.46,31.35,55.2,3021,420,2922
59,2020-04-23,Italie,189973,25549,57576,13.45,30.31,56.24,2646,464,3033
60,2020-04-22,Italie,187327,25085,54543,13.39,29.12,57.49,3370,437,2943
61,2020-04-21,Italie,183957,24648,51600,13.4,28.05,58.55,2729,534,2723
62,2020-04-20,Italie,181228,24114,48877,13.31,26.97,59.72,2256,454,1822
63,2020-04-19,Italie,178972,23660,47055,13.22,26.29,60.49,3047,433,2128
64,2020-04-18,Italie,175925,23227,44927,13.2,25.54,61.26,3491,482,2200
65,2020-04-17,Italie,172434,22745,42727,13.19,24.78,62.03,3493,575,2563
66,2020-04-16,Italie,168941,22170,40164,13.12,23.77,63.1,3786,525,2072
67,2020-04-15,Italie,165155,21645,38092,13.11,23.06,63.83,2667,578,962
68,2020-04-14,Italie,162488,21067,37130,12.97,22.85,64.18,2972,602,1695
69,2020-04-13,Italie,159516,20465,35435,12.83,22.21,64.96,3153,566,1224
70,2020-04-12,Italie,156363,19899,34211,12.73,21.88,65.39,4092,431,1677
71,2020-04-11,Italie,152271,19468,32534,12.79,21.37,65.85,4694,619,2079
72,2020-04-10,Italie,147577,18849,30455,12.77,20.64,66.59,3951,570,1985
73,2020-04-09,Italie,143626,18279,28470,12.73,19.82,67.45,4204,610,1979
74,2020-04-08,Italie,139422,17669,26491,12.67,19.0,68.33,3836,542,2099
75,2020-04-07,Italie,135586,17127,24392,12.63,17.99,69.38,3039,604,1555
76,2020-04-06,Italie,132547,16523,22837,12.47,17.23,70.3,3599,636,1022
77,2020-04-05,Italie,128948,15887,21815,12.32,16.92,70.76,4316,525,819
78,2020-04-04,Italie,124632,15362,20996,12.33,16.85,70.83,4805,681,1238
79,2020-04-03,Italie,119827,14681,19758,12.25,16.49,71.26,4585,766,1480
80,2020-04-02,Italie,115242,13915,18278,12.07,15.86,72.06,4668,760,1431
81,2020-04-01,Italie,110574,13155,16847,11.9,15.24,72.87,4782,727,1118
82,2020-03-31,Italie,105792,12428,15729,11.75,14.87,73.38,4053,837,1109
83,2020-03-30,Italie,101739,11591,14620,11.39,14.37,74.24,4050,812,1590
84,2020-03-29,Italie,97689,10779,13030,11.03,13.34,75.63,5217,756,646
85,2020-03-28,Italie,92472,10023,12384,10.84,13.39,75.77,5974,889,1434
86,2020-03-27,Italie,86498,9134,10950,10.56,12.66,76.78,5909,919,589
87,2020-03-26,Italie,80589,8215,10361,10.19,12.86,76.95,6203,712,999
88,2020-03-25,Italie,74386,7503,9362,10.09,12.59,77.33,5210,683,1036
89,2020-03-24,Italie,69176,6820,8326,9.86,12.04,78.11,5249,743,894
90,2020-03-23,Italie,63927,6077,7432,9.51,11.63,78.87,4789,601,408
91,2020-03-22,Italie,59138,5476,7024,9.26,11.88,78.86,5560,651,952
92,2020-03-21,Italie,53578,4825,6072,9.01,11.33,79.66,6557,793,1632
93,2020-03-20,Italie,47021,4032,4440,8.57,9.44,81.98,5986,627,0
94,2020-03-19,Italie,41035,3405,4440,8.3,10.82,80.88,5322,427,415
95,2020-03-18,Italie,35713,2978,4025,8.34,11.27,80.39,4207,475,1084
96,2020-03-17,Italie,31506,2503,2941,7.94,9.33,82.72,3526,345,192
97,2020-03-16,Italie,27980,2158,2749,7.71,9.82,82.46,3233,349,414
98,2020-03-15,Italie,24747,1809,2335,7.31,9.44,83.25,3590,368,369
99,2020-03-14,Italie,21157,1441,1966,6.81,9.29,83.9,3497,175,527
100,2020-03-13,Italie,17660,1266,1439,7.17,8.15,84.68,2547,250,181
101,2020-03-12,Italie,15113,1016,1258,6.72,8.32,84.95,2651,189,213
102,2020-03-11,Italie,12462,827,1045,6.64,8.39,84.98,2313,196,321
103,2020-03-10,Italie,10149,631,724,6.22,7.13,86.65,977,168,0
104,2020-03-09,Italie,9172,463,724,5.05,7.89,87.06,1797,97,102
105,2020-03-08,Italie,7375,366,622,4.96,8.43,86.6,1492,133,33
106,2020-03-07,Italie,5883,233,589,3.96,10.01,86.03,1247,36,66
107,2020-03-06,Italie,4636,197,523,4.25,11.28,84.47,778,49,109
108,2020-03-05,Italie,3858,148,414,3.84,10.73,85.43,769,41,138
109,2020-03-04,Italie,3089,107,276,3.46,8.93,87.6,587,28,116
110,2020-03-03,Italie,2502,79,160,3.16,6.39,90.45,466,27,11
111,2020-03-02,Italie,2036,52,149,2.55,7.32,90.13,342,18,66
112,2020-03-01,Italie,1694,34,83,2.01,4.9,93.09,566,5,37
113,2020-02-29,Italie,1128,29,46,2.57,4.08,93.35,240,8,0
114,2020-02-28,Italie,888,21,46,2.36,5.18,92.45,233,4,1
115,2020-02-27,Italie,655,17,45,2.6,6.87,90.53,202,5,42
116,2020-02-26,Italie,453,12,3,2.65,0.66,96.69,131,2,2
117,2020-02-25,Italie,322,10,1,3.11,0.31,96.58,93,3,0
118,2020-02-24,Italie,229,7,1,3.06,0.44,96.51,74,4,1
119,2020-02-23,Italie,155,3,2,1.94,1.29,96.77,93,1,1
120,2020-02-22,Italie,62,2,1,3.23,1.61,95.16,42,1,1
121,2020-02-21,Italie,20,1,0,5.0,0.0,95.0,17,1,0
122,2020-02-20,Italie,3,0,0,0.0,0.0,100.0,0,0,0
123,2020-02-19,Italie,3,0,0,0.0,0.0,100.0,0,0,0
124,2020-02-18,Italie,3,0,0,0.0,0.0,100.0,0,0,0
125,2020-02-17,Italie,3,0,0,0.0,0.0,100.0,0,0,0
126,2020-02-16,Italie,3,0,0,0.0,0.0,100.0,0,0,0
127,2020-02-15,Italie,3,0,0,0.0,0.0,100.0,0,0,0
128,2020-02-14,Italie,3,0,0,0.0,0.0,100.0,0,0,0
129,2020-02-13,Italie,3,0,0,0.0,0.0,100.0,0,0,0
130,2020-02-12,Italie,3,0,0,0.0,0.0,100.0,0,0,0
131,2020-02-11,Italie,3,0,0,0.0,0.0,100.0,0,0,0
132,2020-02-10,Italie,3,0,0,0.0,0.0,100.0,0,0,0
133,2020-02-09,Italie,3,0,0,0.0,0.0,100.0,0,0,0
134,2020-02-08,Italie,3,0,0,0.0,0.0,100.0,0,0,0
135,2020-02-07,Italie,3,0,0,0.0,0.0,100.0,1,0,0
136,2020-02-06,Italie,2,0,0,0.0,0.0,100.0,0,0,0
137,2020-02-05,Italie,2,0,0,0.0,0.0,100.0,0,0,0
138,2020-02-04,Italie,2,0,0,0.0,0.0,100.0,0,0,0
139,2020-02-03,Italie,2,0,0,0.0,0.0,100.0,0,0,0
140,2020-02-02,Italie,2,0,0,0.0,0.0,100.0,0,0,0
141,2020-02-01,Italie,2,0,0,0.0,0.0,100.0,0,0,0
142,2020-01-31,Italie,2,0,0,0.0,0.0,100.0,2,0,0
